[Root node ]: 69756  
[Intermediate level 1,node 0 ] : 33105  34853  34945  35001  35157  35233  35334  35463  35590  35716  35825  35935  35999  36117  36220  36330  36507  36651  36731  36820  69689  
[Intermediate level 1,node 1 ] : 69902  69988  70051  70158  70248  70407  70483  70533  70614  70746  70875  70977  71182  71251  71397  71478  71589  71664  72610  
[Leaf node 0 ] : 33030  33035  33040  33041  33045  33047  33050  33053  33057  33059  33062  33066  33070  33072  33075  33084  33089  33097  33098  33099  
[Leaf node 1 ] : 33105  33106  33112  33119  33121  33133  33135  33136  33145  33149  33151  33164  33169  33184  33185  33204  33211  33214  34816  34817  34828  34837  34838  34848  34851  
[Leaf node 2 ] : 34853  34859  34860  34862  34865  34870  34875  34878  34880  34893  34898  34900  34904  34905  34910  34917  34920  34924  34927  34934  
[Leaf node 3 ] : 34945  34947  34956  34957  34966  34967  34969  34971  34974  34976  34979  34980  34981  34982  34985  34987  34988  34993  34997  34999  
[Leaf node 4 ] : 35001  35008  35012  35014  35020  35024  35028  35029  35032  35043  35064  35075  35078  35084  35089  35092  35099  35108  35109  35115  35116  35121  35124  35126  35127  35129  35135  35144  35145  35151  
[Leaf node 5 ] : 35157  35160  35161  35164  35184  35187  35189  35191  35193  35197  35199  35200  35206  35207  35217  35221  35224  35225  35226  35227  
[Leaf node 6 ] : 35233  35237  35246  35247  35252  35261  35267  35269  35270  35280  35287  35292  35296  35301  35309  35310  35312  35314  35326  35328  
[Leaf node 7 ] : 35334  35335  35352  35357  35358  35360  35364  35370  35373  35376  35381  35387  35389  35394  35395  35412  35415  35420  35422  35424  35435  35440  35447  35455  35457  
[Leaf node 8 ] : 35463  35466  35467  35469  35473  35476  35486  35489  35490  35492  35493  35499  35504  35505  35509  35511  35512  35518  35519  35522  35525  35531  35535  35545  35547  35552  35554  35557  35559  35560  35570  35571  35578  35587  
[Leaf node 9 ] : 35590  35591  35594  35599  35600  35611  35612  35619  35620  35626  35636  35640  35642  35646  35664  35667  35671  35672  35675  35682  35683  35688  35689  35690  35695  35698  35699  35701  35703  35707  35708  35714  
[Leaf node 10 ] : 35716  35718  35721  35722  35724  35730  35737  35741  35742  35743  35748  35750  35753  35762  35764  35778  35786  35792  35802  35819  
[Leaf node 11 ] : 35825  35829  35830  35835  35838  35843  35845  35850  35856  35859  35867  35868  35869  35875  35881  35892  35895  35897  35901  35906  35910  35912  35917  35923  35925  35929  35931  
[Leaf node 12 ] : 35935  35948  35949  35950  35955  35957  35958  35960  35961  35962  35970  35971  35976  35984  35987  35990  35991  35995  35997  35998  
[Leaf node 13 ] : 35999  36001  36003  36017  36033  36038  36046  36048  36050  36071  36077  36082  36085  36089  36092  36093  36098  36100  36106  36111  
[Leaf node 14 ] : 36117  36128  36132  36133  36135  36137  36138  36139  36142  36159  36165  36166  36167  36168  36174  36178  36192  36198  36205  36212  
[Leaf node 15 ] : 36220  36225  36226  36227  36229  36230  36232  36236  36237  36241  36258  36261  36265  36272  36303  36304  36315  36321  36324  36327  
[Leaf node 16 ] : 36330  36332  36340  36344  36348  36359  36360  36363  36373  36377  36395  36396  36401  36413  36423  36427  36428  36437  36439  36440  36446  36449  36455  36458  36466  36468  36480  36481  36491  36495  36498  36499  36503  
[Leaf node 17 ] : 36507  36510  36512  36538  36545  36546  36549  36558  36569  36581  36583  36584  36585  36602  36610  36625  36631  36636  36643  36645  
[Leaf node 18 ] : 36651  36657  36670  36671  36672  36674  36675  36687  36691  36692  36694  36696  36698  36699  36702  36715  36716  36727  36729  36730  
[Leaf node 19 ] : 36731  36732  36734  36752  36753  36756  36759  36764  36771  36773  36776  36783  36787  36790  36797  36799  36806  36809  36810  36811  
[Leaf node 20 ] : 36820  36823  36844  36853  36860  69632  69636  69644  69647  69657  69658  69662  69666  69669  69670  69678  69683  69685  69687  69688  
[Leaf node 21 ] : 69689  69690  69692  69693  69705  69712  69720  69723  69724  69727  69728  69735  69738  69741  69743  69745  69746  69747  69749  69753  
[Leaf node 22 ] : 69756  69770  69772  69778  69779  69783  69788  69789  69791  69793  69801  69805  69807  69808  69811  69825  69827  69828  69833  69834  69837  69841  69843  69845  69846  69849  69860  69861  69863  69865  69872  69878  69885  69888  69889  
[Leaf node 23 ] : 69902  69903  69911  69915  69927  69930  69935  69937  69940  69951  69952  69965  69968  69972  69978  69980  69982  69985  69986  69987  
[Leaf node 24 ] : 69988  69991  69996  69998  69999  70003  70004  70010  70012  70015  70018  70020  70033  70035  70040  70042  70046  70047  70048  70050  
[Leaf node 25 ] : 70051  70053  70058  70062  70064  70070  70071  70075  70076  70083  70086  70088  70090  70094  70096  70099  70100  70102  70110  70117  70118  70120  70121  70125  70127  70142  70143  70144  
[Leaf node 26 ] : 70158  70161  70163  70165  70170  70174  70178  70179  70180  70182  70185  70207  70208  70215  70223  70227  70230  70242  70246  70247  
[Leaf node 27 ] : 70248  70249  70263  70273  70274  70276  70283  70288  70289  70291  70292  70298  70303  70305  70312  70314  70320  70330  70332  70334  70336  70337  70341  70354  70363  70365  70368  70369  70375  70380  70383  70390  70391  70395  70406  
[Leaf node 28 ] : 70407  70412  70424  70427  70428  70429  70430  70432  70437  70440  70449  70451  70457  70461  70463  70464  70475  70479  70480  70482  
[Leaf node 29 ] : 70483  70484  70486  70487  70489  70494  70499  70500  70502  70504  70507  70508  70509  70514  70517  70521  70524  70528  70529  70530  
[Leaf node 30 ] : 70533  70539  70542  70543  70545  70551  70557  70559  70561  70565  70566  70567  70571  70577  70581  70582  70585  70601  70604  70613  
[Leaf node 31 ] : 70614  70622  70627  70631  70633  70638  70646  70648  70650  70657  70671  70677  70681  70682  70685  70687  70695  70696  70703  70710  70726  70727  70730  70731  70737  70745  
[Leaf node 32 ] : 70746  70750  70752  70756  70763  70768  70769  70772  70781  70787  70791  70798  70804  70805  70806  70807  70809  70810  70811  70817  70826  70828  70829  70831  70833  70834  70835  70836  70839  70842  70848  70851  70857  70866  70871  70872  
[Leaf node 33 ] : 70875  70886  70888  70897  70902  70903  70908  70910  70911  70914  70921  70928  70932  70935  70938  70942  70950  70959  70969  70973  
[Leaf node 34 ] : 70977  70985  70994  71009  71019  71026  71033  71036  71039  71049  71051  71052  71058  71060  71061  71065  71068  71070  71073  71083  71097  71098  71102  71112  71113  71117  71119  71132  71142  71143  71145  71147  71152  71155  71158  71168  71178  71179  71181  
[Leaf node 35 ] : 71182  71188  71189  71193  71194  71196  71198  71201  71206  71210  71214  71218  71225  71227  71230  71234  71239  71240  71242  71247  
[Leaf node 36 ] : 71251  71262  71265  71272  71273  71278  71284  71288  71289  71296  71299  71311  71318  71326  71327  71331  71334  71336  71339  71341  71343  71344  71348  71352  71361  71363  71365  71372  71383  71391  
[Leaf node 37 ] : 71397  71400  71402  71404  71406  71410  71412  71413  71417  71433  71436  71440  71453  71458  71466  71469  71471  71472  71475  71477  
[Leaf node 38 ] : 71478  71479  71481  71495  71505  71531  71535  71540  71541  71542  71547  71552  71561  71564  71566  71570  71579  71581  71582  71588  
[Leaf node 39 ] : 71589  71590  71592  71593  71596  71598  71599  71601  71603  71612  71616  71618  71629  71630  71633  71645  71647  71651  71656  71658  
[Leaf node 40 ] : 71664  71668  71669  71670  71673  71677  71678  72457  72461  72463  72470  72473  72474  72475  72485  72498  72499  72502  72503  72582  72583  72585  72593  72603  72606  
[Leaf node 41 ] : 72610  72611  72615  72616  72624  72630  72637  72650  72655  72659  72660  72662  72664  72666  72668  72681  72683  72688  72690  72697  
